274
956
197
589
110
648
841
62
729
116
380
340
727
908
682
109
386
696
979
596
484
965
634
919
483
740
483
412
105
107
355
619
56
798
891
2
179
489
479
132
396
812
906
296
596
295
345
989
71
551
409
717
164
116
308
929
574
235
599
611
134
776
618
325
958
189
442
993
576
94
165
744
11
650
329
556
825
327
590
181
823
90
89
95
436
277
539
790
824
667
740
787
379
302
83
132
614
668
638
2
409
717
562
273
179
56
906
558
833
331
387
254
319
487
297
619
122
93
562
754
375
401
874
632
81
102
940
991
579
70
167
11
529
462
495
153
618
694
688
463
700
714
118
924
238
923
953
157
823
850
721
896
967
408
412
147
579
123
643
924
307
260
914
726
409
171
661
714
947
508
630
645
854
163
96
211
863
941
547
364
417
981
804
576
354
931
947
768
629
657
55
801
372
111
516
13
276
563
587
276
718
17
963
443
17
97
335
846
930
53
313
738
824
839
629
159
958
402
248
736
967
423
848
372
944
739
161
582
489
622
837
491
703
862
800
156
397
367
573
915
724
598
657
933
2
698
872
978
787
616
493
719
131
891
143
541
512
982
645
920
170
234
472
928
432
593
7
290
130
203
540
771
429
846
836
318
204
25
153
552
592
145
761
687
528
855
408
896
855
130
665
479
83
72
755
919
981
722
314
57
970
420
479
184
727
354
881
785
487
988
369
49
277
8
772
28
747
260
605
488
270
911
380
108
764
740
112
651
1
8
677
120
235
864
917
743
647
577
777
810
462
220
277
6
566
594
877
929
131
279
583
860
41
719
208
738
900
154
338
500
12
8
898
589
998
113
688
512
661
719
886
763
301
832
324
291
908
825
293
989
595
632
725
322
168
96
878
317
963
184
55
629
935
866
485
272
528
426
199
932
37
843
629
467
993
675
735
319
641
578
597
96
687
168
842
483
335
464
730
994
84
540
421
825
877
360
769
169
986
947
951
973
433
225
409
6
845
851
843
521
402
355
463
549
912
688
321
26
137
105
273
555
186
911
90
589
170
194
264
220
363
151
313
541
750
962
787
787
243
482
670
57
790
200
652
429
297
17
518
741
554
397
981
104
365
350
416
482
659
544
285
301
675
548
542
125
227
831
911
849
649
714
766
782
276
868
249
220
208
335
404
798
673
289
345
4
519
914
910
708
230
851
812
474
404
628
48
709
791
388
194
420
864
986
287
463
363
245
157
683
417
746
462
278
660
36
178
54
224
553
956
963
606
862
604
481
193
67
921
918
656
333
236
732
526
542
328
246
999
17
830
978
421
107
832
952
989
182
165
930
871
243
759
521
376
931
561
491
784
174
701
424
172
109
6
75
871
189
509
367
236
588
269
35
9
105
705
307
911
787
663
865
41
378
562
573
284
554
341
100
216
591
391
601
922
765
265
108
733
316
808
122
145
248
255
177
77
576
970
828
178
911
758
585
134
406
95
823
765
172
224
576
263
245
739
424
73
57
245
422
800
153
639
84
973
596
843
991
699
86
109
521
21
349
558
496
254
717
292
328
732
206
222
356
125
546
750
626
972
809
573
345
122
285
190
563
555
203
100
451
443
754
343
696
366
603
756
114
334
781
243
583
608
360
452
793
378
839
457
102
997
515
454
5
861
412
7
327
978
538
90
288
935
325
26
994
315
125
421
755
518
535
404
870
620
158
742
155
157
105
947
558
652
200
87
636
301
367
820
567
487
130
122
618
683
501
292
665
866
788
57
465
790
20
54
842
325
739
497
870
607
906
627
419
922
522
355
142
97
373
634
112
652
990
230
806
139
508
951
95
887
625
902
205
857
271
4
368
406
906
819
23
567
592
744
977
864
131
739
902
785
560
58
892
775
283
919
593
17
930
632
586
339
806
480
289
273
453
556
622
700
412
862
103
519
748
160
802
462
278
505
835
536
726
887
661
552
242
150
467
865
779
183
385
752
873
401
65
823
249
708
426
490
512
453
4
779
894
368
387
723
663
125
703
159
348
938
954
987
338
582
287
877
819
310
960
946
217
418
851
154
498
617
837
38
751
957
265
936
433
763
57
25
553
953
676
355
848
131
312
546
701
60
150
960
145
478
530
6
813
722
121
651
81
299
991
372
10
383
574
548
857
165
120
715
127
158
139
227
103
822
739
577
788
354
519
58
7
56
843
507
200
500
937
571
64
596
192
323
801
759
511
82
193
589
271
960
92
893
751
29
211
389
424
965
301
149
590
712
884
707
205
983
715
731
633
417
77
379
255
809
809
738
545
110
704
263
246
847
533
729
758
174
497
59
705
46
358
285
918
882
810
42
756
655
969
243
754
575
960
4
93
372
689
468
283
747
839
901
722
725
21
325
548
489
786
997
283
767
909
244
287
12
949
510
1
405
583
12
236
190
645
26
564
966
104
700
968
345
433
222
475
812
973
359
465
719
904
637
690
96
408
889
833
349
421
542
586
996
169
712
843
296
299
154
554
992
27
158
220
437
159
721
780
35
253
706
864
282
451
262
7
686
729
459
414
509
376
953
329
548
559
521
851
194
706
456
325
581
278
153
43
927
227
692
66
137
32
859
425
272
807
843
822
785
338
800
236
295
320
581
496
260
290
170
983
89
907
822
100
135
322
441
61
534
331
494
818
20
895
612
708
720
398
116
454
394
710
861
720
765
690
187
330
388
331
247
591
961
90
670
910
112
311
346
24
484
856
73
732
346
192
982
969
92
207
918
417
683
997
428
629
547
678
597
829
462
69
743
95
700
725
903
678
60
379
117
550
451
324
736
117
384
653
389
213
46
537
771
130
651
950
118
437
412
309
101
776
766
538
862
664
486
952
119
565
902
184
546
125
752
92
165
548
111
236
81
505
439
25
713
892
35
86
616
953
83
763
95
15
55
899
67
151
415
220
66
557
478
707
832
348
788
307
696
770
559
241
812
534
581
904
380
91
470
107
161
189
310
953
979
981
537
175
384
281
386
173
353
312
327
288
694
428
735
104
830
853
412
658
768
417
736
512
344
671
905
569
294
489
182
349
301
479
89
232
952
80
221
788
409
242
722
928
736
933
489
56
11
592
860
783
743
763
884
64
691
851
263
800
836
895
699
52
156
708
733
5
827
565
55
764
684
860
959
828
62
786
856
874
643
162
691
67
567
977
721
653
853
87
346
72
138
771
586
119
825
544
364
988
33
673
958
160
117
371
892
183
138
511
997
358
361
23
644
225
781
828
912
523
699
289
5
18
563
676
362
144
677
68
714
958
862
452
821
279
837
509
718
229
909
731
117
597
552
69
7
593
569
250
602
574
859
290
544
299
227
485
654
75
310
341
588
961
429
490
480
811
121
631
15
535
162
917
412
419
126
36
465
734
926
406
168
130
310
556
387
525
990
763
772
293
949
435
327
542
470
602
101
217
607
55
29
546
138
381
255
90
534
152
199
295
94
997
220
948
214
157
984
427
694
382
517
938
91
712
536
224
398
766
806
366
747
656
206
378
402
527
646
268
42
42
232
112
230
822
864
484
992
979
974
269
652
400
257
484
400
347
59
245
600
303
558
427
518
699
982
864
951
346
896
198
250
882
32
567
340
586
199
402
664
193
599
523
388
178
237
562
853
116
200
535
994
316
283
2
379
939
816
844
583
162
579
167
860
799
359
195
453
961
76
341
431
968
359
784
626
755
151
37
135
414
198
949
826
375
257
518
478
952
481
712
507
632
714
199
700
528
363
541
47
895
103
922
504
439
930
942
528
467
960
334
285
540
951
746
724
446
733
860
113
735
594
207
211
991
217
12
995
314
931
265
725
171
898
18
191
923
320
599
185
821
954
11
591
222
988
326
1000
81
822
262
434
539
408
461
574
551
585
212
884
64
291
498
145
220
596
261
229
382
283
738
357
619
75
584
737
398
693
206
202
852
620
446
410
968
842
289
233
444
845
746
191
753
853
452
195
173
600
805
367
140
977
644
459
326
482
607
195
243
781
253
912
32
592
3
29
311
773
735
192
624
744
601
451
75
315
272
418
180
593
342
198
853
881
70
804
695
370
991
876
446
18
168
806
533
197
41
759
138
569
868
693
110
189
758
173
346
6
145
692
962
785
363
243
717
949
657
87
637
32
581
19
740
198
214
945
90
774
62
258
143
875
820
325
488
943
386
364
660
491
655
154
624
421
669
283
942
26
604
132
346
186
985
343
679
364
198
335
694
667
106
327
228
651
85
389
653
564
296
301
290
410
393
378
716
540
136
946
460
507
587
875
669
531
643
436
670
284
705
728
277
607
140
125
849
456
62
515
806
603
641
549
344
587
806
804
538
974
729
532
899
249
925
604
726
575
159
408
245
172
577
667
650
340
689
620
606
984
848
525
707
39
867
231
663
372
313
410
703
603
758
105
791
734
4
452
786
696
869
778
595
663
645
797
682
509
731
300
82
855
281
545
166
976
910
553
981
242
654
641
948
864
400
819
42
474
940
131
390
458
672
627
345
39
710
411
738
784
829
133
936
643
238
372
792
586
648
568
323
649
500
587
187
506
455
505
649
679
503
926
715
187
102
989
585
697
777
251
364
241
524
773
243
169
173
88
993
297
604
203
660
119
308
410
830
588
360
504
663
164
283
931
208
777
656
499
145
877
533
565
219
989
965
15
84
35
917
923
217
240
891
524
816
599
428
16
333
741
453
747
405
514
112
541
446
768
365
285
127
637
80
404
262
56
807
511
387
407
718
370
454
940
416
260
613
60
460
989
15
672
485
91
933
488
726
189
267
654
622
120
678
70
916
175
184
515
340
718
19
58
536
548
981
256
328
572
284
341
859
762
114
915
384
899
759
690
695
334
138
459
259
810
26
786
167
444
98
864
880
115
127
646
587
819
362
577
719
75
118
249
792
45
96
838
266
877
812
470
581
705
779
548
867
843
752
627
71
987
465
656
409
655
727
256
136
651
690
263
576
107
370
909
248
505
216
900
696
155
654
93
363
788
31
696
377
287
320
650
702
91
286
380
456
476
545
185
543
729
87
334
979
248
409
362
386
688
330
152
206
618
950
147
105
561
985
407
880
930
856
341
960
107
534
589
243
858
110
976
557
325
453
419
550
94
126
411
150
199
948
996
53
491
178
202
876
491
347
482
705
680
176
96
797
250
837
284
67
431
93
707
856
909
457
944
157
278
582
723
122
127
550
187
234
175
598
726
914
766
65
831
746
210
65
943
699
653
415
537
939
634
898
524
847
13
792
574
860
734
916
179
628
725
143
86
746
323
468
243
52
792
199
548
31
850
805
511
421
668
263
378
473
420
503
430
702
346
666
907
116
227
496
467
94
331
69
172
103
180
510
742
380
922
42
222
556
737
950
260
964
417
588
920
22
219
551
320
662
157
552
417
224
114
324
935
654
551
69
789
96
160
623
345
171
456
494
509
351
208
362
952
809
592
489
740
68
140
691
266
573
854
183
644
30
371
687
688
8
680
586
156
804
684
853
210
43
873
685
944
811
444
480
372
398
514
897
513
856
436
168
56
680
861
802
639
872
862
61
938
523
383
331
619
862
261
606
699
383
323
843
16
271
371
857
308
866
424
754
884
284
205
664
977
679
737
655
655
786
859
268
601
595
622
90
157
969
820
113
784
15
365
422
477
829
800
931
767
19
45
452
604
43
353
391
852
1
541
742
87
952
811
872
146
251
828
783
140
650
295
149
711
115
959
467
917
422
824
58
454
572
377
517
910
1000
799
428
328
361
442
812
671
394
367
839
694
11
332
772
326
274
455
996
912
386
702
241
575
151
465
789
495
624
751
542
149
839
934
315
410
554
588
612
920
935
646
437
369
987
42
426
124
312
991
662
163
474
319
98
411
857
569
398
407
392
131
369
666
946
332
892
249
492
215
380
818
391
757
391
890
248
367
925
95
852
846
342
996
634
402
601
421
946
950
661
328
194
666
532
926
550
701
389
175
506
17
597
765
25
568
285
427
418
395
322
706
360
799
139
362
656
398
894
205
464
786
883
483
678
491
933
902
110
99
772
986
885
757
979
766
248
729
215
696
539
321
854
339
693
299
26
542
26
851
331
785
420
268
177
915
305
779
781
696
948
386
327
485
669
131
731
874
563
942
693
307
173
121
498
540
366
546
64
304
351
889
338
670
367
488
995
453
79
41
774
426
143
936
505
262
698
883
35
887
775
482
803
365
762
482
782
530
56
825
865
320
26
963
543
177
220
594
900
938
529
684
536
353
668
591
11
733
900
171
806
282
432
964
599
317
232
976
848
956
373
89
314
824
151
839
145
995
337
177
602
698
943
803
302
261
771
873
146
427
842
176
683
415
531
367
761
50
850
489
755
895
869
792
526
521
703
834
537
6
841
922
228
268
844
242
848
87
621
440
399
520
515
974
279
959
465
306
500
243
330
895
45
114
299
974
70
755
953
308
174
348
195
500
860
368
728
889
682
801
192
794
282
622
387
642
676
598
225
546
710
961
193
987
548
569
139
588
430
912
136
399
703
737
31
716
304
121
39
234
473
535
399
239
430
812
689
630
174
969
850
781
369
506
367
649
445
164
344
92
723
86
369
19
327
29
221
904
124
535
405
163
739
966
490
90
933
928
967
370
288
854
126
645
195
518
49
285
574
754
360
272
662
990
821
87
432
44
202
572
919
216
118
17
780
942
679
130
932
96
867
141
993
626
538
993
550
319
809
497
993
400
393
334
775
116
130
22
459
626
555
298
851
352
865
890
862
362
37
318
460
526
187
184
224
933
469
413
590
514
946
10
786
875
915
231
871
144
75
479
22
968
829
873
422
929
710
183
655
311
629
748
528
538
166
69
619
651
649
1000
672
839
98
849
128
417
429
249
751
608
492
342
285
173
611
700
506
209
326
401
914
432
901
856
472
854
30
304
522
66
858
376
5
263
92
765
587
736
484
839
182
804
444
962
580
74
861
440
623
451
475
212
412
564
319
878
539
134
785
202
224
325
875
961
553
331
57
915
692
266
933
699
104
952
643
644
283
304
477
903
471
886
740
742
133
616
254
559
731
761
262
997
464
125
678
494
191
764
776
785
735
674
451
110
101
604
111
390
933
607
127
198
701
942
506
131
695
699
122
110
895
876
410
204
174
652
893
802
105
314
296
368
835
611
293
515
117
313
109
883
